1
10
10136
10180
10181
10185
10205
10206
10248
10251
10273
10285
10306
10312
10316
10341
10343
10360
10367
10368
10373
10401
10427
10428
10467
10472
10486
10506
10508
10509
10511
10513
10514
10515
10516
10524
10539
10595
10608
1062
10620
1064
10669
10678
10680
10687
10700
10701
10718
1081
10821
10828
10881
10882
10902
10908
10911
1092
10929
10961
10962
10963
10964
10965
10966
10967
10968
10969
10970
10971
10975
11
1100
11007
11017
11028
11034
11035
11039
11042
11044
11045
11056
11091
11101
1111
1112
11122
1113
11169
11187
11207
11240
11286
1132
1133
11330
11332
11338
1134
11349
11365
11366
11367
11392
11421
11428
11443
11526
11550
11594
11597
116
11621
11636
11659
11660
11683
117
11740
11749
118
11841
11893
119
11946
11948
11950
11951
11953
11954
11955
11956
11957
11958
11962
11964
11968
11969
11970
1198
1199
12
120
1200
1209
12099
121
12100
12190
122
12204
12210
1226
12266
123
1235
12365
12372
124
12430
12442
12443
1245
125
1250
12502
1251
1253
1257
126
12612
1264
1267
1268
127
12777
1278
128
1280
1283
1284
12845
12847
1285
1286
12862
12863
1291
12917
1292
12953
12991
12993
12994
13
13007
13045
1315
13161
13226
13324
13333
1334
13342
1347
1349
13503
13527
13528
13532
13534
1355
13559
13576
13604
13634
13643
13694
13702
13703
13704
13796
13890
13891
13906
13942
13943
13973
13974
13977
13979
14
14017
1402
14037
14039
14040
14041
14042
14043
14064
1454
1456
1481
1484
1486
1494
15
1501
1511
1513
1514
1518
152
1523
1528
153
154
1543
156
159
16
162
1620
1623
1634
1635
1637
1638
164
1644
1649
165
166
1663
167
1676
1677
168
169
17
170
1705
171
172
1724
1727
173
174
175
176
177
178
1785
1786
1787
1789
179
1790
1791
1794
1795
1796
18
180
181
182
1822
183
184
1840
1843
1844
1846
1847
1848
1849
185
1852
1856
1871
1872
1873
1874
1875
188
1882
1883
1884
1886
1891
19
190
1907
1927
1928
1929
1930
1942
1947
1948
196
197
1985
1986
1987
1988
1991
1992
2
20
21
2109
2110
2115
2117
2118
2119
2121
2123
2126
215
2156
2158
216
2163
218
2195
22
220
2209
2210
222
2228
2230
2237
2244
2246
2266
2277
2284
2297
2298
23
2305
2318
2342
2359
2365
2373
2375
2384
2386
24
2408
2415
2420
2421
2442
2444
2454
2481
2486
25
2505
2506
2508
2509
2510
2511
2515
2524
2536
2537
2538
25448
25472
25477
25490
2556
2557
2558
25605
25607
25608
25609
25694
25695
25701
25714
25776
25790
2580
25801
25802
25804
25816
25851
25853
25858
25859
25867
25874
25880
25881
25882
25886
25902
25906
25907
25908
25922
25923
25961
25965
25966
25988
26
2601
2602
2603
26078
26107
26128
26129
26132
26159
2618
2619
26196
2621
2623
263
2630
26358
26365
26394
264
26411
26481
26482
26493
26530
26531
26532
26533
26542
26560
26565
26582
266
26658
26662
26664
26665
26669
26687
26688
2669
26692
267
26745
26764
26765
26767
26783
26785
26786
2683
26843
26844
26851
26862
26879
26880
26885
26886
26903
26929
26943
26945
26950
26972
26986
27
27006
27015
27045
27087
27088
27091
2711
27115
27116
27117
27118
27119
27120
27140
27170
27181
27232
27233
27277
27279
27283
27284
27285
27286
27322
27329
27332
27369
27375
27378
27379
2738
27417
27482
27488
27490
27491
27499
2751
27516
27527
27561
27562
27563
27567
27569
2757
27573
27583
27607
27611
27613
27614
27627
27628
27637
27640
27649
2765
27655
27663
27665
27668
27672
27678
27695
27698
27721
27724
27770
27788
27789
27793
27798
27806
27810
27820
27822
27825
27826
27916
27926
27938
27968
27989
27995
28
28013
28016
28021
28035
28036
28038
28052
28074
28101
28102
2811
2812
28132
28136
28137
28138
28139
28140
28142
2815
2816
2817
28172
2818
28184
2819
28213
28214
28217
28228
28231
2824
28245
2825
28257
28283
28294
28306
28319
2832
28327
28373
28380
28399
28409
28422
28437
28438
28444
28477
28486
28487
2851
2852
28525
2853
28544
28545
28546
28547
28548
28549
28550
28551
28552
28553
28554
28556
28557
2856
28638
28652
28672
28683
28733
28782
28783
28806
28814
28859
28862
28868
28883
2891
28964
28972
28981
28995
29
29004
2902
29037
29038
29039
29040
29045
29065
29066
29158
29201
29202
29213
29244
29257
29258
29266
29268
29271
29290
29292
29294
29295
29300
29303
29326
29358
29374
29381
29382
29383
29384
29387
29389
29392
29395
29405
29406
29407
29412
29414
29415
29416
29419
29425
29449
29452
29457
29465
29476
29484
29486
29488
29489
29506
29508
29510
29514
29538
29543
29547
29564
2957
29572
29576
29578
29582
29603
29694
2974
29761
29777
2979
29791
29792
29794
2982
2983
29883
29891
29895
29905
29907
29908
29910
29972
29976
29977
29978
29979
2998
29982
2999
3
30
30017
30018
30040
30052
30097
30138
30163
30167
30192
30196
30223
30234
30253
30254
30255
30256
30258
30260
30261
30262
30268
3027
3029
3030
30300
30312
30317
3034
30351
30378
30379
30380
30384
3041
30417
30418
30423
30424
30425
30428
30436
30467
30491
30493
30526
30536
30542
30543
30555
30614
30633
3065
3068
3071
30714
3075
30777
30778
308
30825
30826
30848
30857
30858
30861
30890
309
3091
30914
3092
30929
3093
30933
30934
30935
30937
30980
31
310
31002
31015
31019
31021
31042
31052
31061
31070
31082
31083
31087
311
3110
31104
3111
31111
31119
31128
31134
31160
31167
31179
3118
31189
31192
312
3121
31210
31215
3122
31222
31261
31262
31266
31269
31270
31277
31282
31284
31289
31294
3130
31311
3133
31334
31339
31342
31363
31373
31380
31394
314
31451
31452
31474
31482
31484
31494
315
31500
31502
3152
31520
31522
3153
316
31638
31642
31645
31658
31667
31677
31678
31679
31683
31696
31698
317
31765
31773
31777
31779
31781
31788
31789
31803
31864
31896
319
31905
31909
31912
31931
31939
31942
31955
31957
31974
31975
31997
32
32005
32014
32015
32016
32034
32035
32049
32084
321
32105
32106
32156
32228
32275
32285
32291
32294
32298
32329
32333
32339
32346
32370
32398
324
3240
32415
32420
32421
32424
32425
32451
32466
32470
32499
325
3250
32503
32507
32519
32530
32531
32550
32552
32574
32587
32591
32599
32606
32607
32619
32629
32631
3264
32656
32657
32660
32663
32665
32667
32691
32697
327
32700
32707
32719
32723
32724
32725
32726
32729
32733
32735
32736
32738
3274
3275
3276
32762
32772
3278
32813
32821
32823
32826
32827
32829
32830
32832
32833
32837
32869
3287
32873
3288
3289
3290
3291
3292
32928
3293
32930
3294
3295
32959
3296
3297
3298
32984
32985
32990
32991
33
33018
3302
33024
3303
33031
33040
33043
33048
33049
3305
33055
33058
3306
33069
33078
33097
33106
3311
33112
33117
3312
33139
33142
33143
33145
33148
33158
3317
33177
33181
33191
332
33215
3322
33226
33258
33262
33263
33268
33274
33284
33293
33297
33300
33302
33308
33311
3336
3337
33371
3338
3339
33394
33397
33398
33410
33413
33417
33421
33447
33460
33465
33469
33487
33493
33494
33495
33519
33530
33531
33537
33539
33551
33562
33564
33569
33570
33581
33587
33589
3359
33600
33601
33621
33628
33639
33645
3368
33698
3370
33705
33707
33710
33719
33720
3373
3374
3375
33756
33757
3376
33766
3377
33786
33789
3379
3380
33801
3381
33811
33812
33814
33817
3382
33825
33836
33838
3385
33862
33882
33883
339
33900
33932
33937
3394
33959
33968
33970
33971
33973
33975
3398
34
340
3400
3401
34018
3404
34048
34050
341
34110
34116
3412
3413
34133
34134
3415
34154
34169
34170
34171
34172
34177
34185
34186
34198
342
34231
34232
34291
34293
34304
34309
34322
34324
3433
3434
3435
34399
344
34404
34407
34408
3441
34414
34423
34426
34428
3443
34448
34462
34464
34466
34467
345
3451
34527
34545
34547
34555
3456
3457
34608
34614
34620
34628
3463
34630
34641
34643
34648
3466
34660
34666
34668
3467
34672
34674
34675
34682
34725
34749
34751
34763
34765
3477
3478
34783
3479
3480
3481
34811
34816
34817
34818
34827
34837
3485
3486
34864
34866
34867
3487
34872
34875
34879
3488
34900
35
35007
3501
35011
35016
35030
35034
35035
35041
35052
35059
3507
35083
35090
35096
3513
35135
35136
35173
3519
35195
35200
35243
3525
3529
35295
35298
353
35300
35317
3532
35324
35338
3534
3535
35354
35369
3537
35387
35388
35394
354
35416
35420
35422
3544
3550
3551
35517
35524
3559
3560
3567
3568
35682
3569
35706
35709
35720
35748
35763
35766
35781
35783
35790
3580
35801
3581
3582
35826
3583
35831
35835
3584
3585
3586
35868
3587
3588
35892
35894
35912
35916
3592
35935
3595
35963
35965
35969
35970
36
36010
36013
36014
36030
36035
36049
36050
36056
36077
36088
36112
36113
36114
36115
36136
36155
36159
3616
36162
3617
3618
36185
3619
3620
36207
3621
36217
3622
3623
36233
36236
3624
36249
36276
36279
36284
36297
363
36301
36303
36310
3633
36333
36337
36340
3635
3639
36397
36410
36446
3649
36495
365
3650
36500
36502
36508
36509
3651
36510
36516
36517
36518
36519
36559
36562
36563
36565
36568
36569
3657
36572
36577
36578
36580
3661
36617
36624
36625
36626
36627
36632
36633
36634
36635
36637
36644
36651
36655
36657
36659
36662
36664
36671
36679
36684
36695
36696
3671
36714
36715
36717
3672
36720
36722
36723
36734
36750
3676
36767
3677
36776
368
36800
36804
36807
36813
36819
36823
36830
36840
36859
369
36913
36943
36949
36954
36955
36958
36959
36960
36965
36973
36988
3699
36996
36997
37
370
37001
37018
3702
37053
37063
37074
37077
37095
371
37105
3714
3715
3717
37186
37188
37193
37201
37212
37220
37223
37224
37227
37230
37231
37243
3725
37257
37259
3726
37266
37276
37278
37279
3728
37286
37292
37294
3730
37302
37316
3733
3734
37341
37343
3735
37352
37354
37357
37358
3736
37360
37361
37363
37370
37372
37373
37376
37377
37385
37387
37388
374
3740
37402
37403
37405
3742
37434
37435
37436
37438
37444
37445
37446
37448
37451
37459
37460
37464
37470
37473
37475
37481
37496
37506
37507
37509
37542
37543
37547
3755
37550
37554
37558
3756
37561
37564
37569
37571
37574
37584
37604
37607
37608
37619
37628
37639
37648
37664
37665
37666
37668
37669
37671
37672
37677
37725
37726
37727
37728
37762
37765
37770
37778
37784
378
37813
37815
37820
37831
37844
37846
37854
37879
37885
37895
3790
37903
3791
3792
3793
3795
37958
37966
37993
37995
37997
38
38002
38004
3801
38016
3802
38037
38038
3806
38065
38091
38130
3814
38147
3815
38154
38172
38177
38184
3819
38216
3822
38221
38222
3823
3835
38369
3837
38373
38379
38381
38382
38404
38419
38424
38435
3844
38442
3845
38459
3846
38476
3849
3852
38547
38561
3858
38582
3859
38592
3861
38622
38625
38627
38629
38630
38631
38633
38634
38636
38638
3864
38646
38662
38667
38669
38680
38692
38696
38713
38782
38785
38787
3881
3882
3883
38840
38841
38856
38857
38859
38863
38871
38873
38875
38884
3889
3890
38915
38944
38963
38980
38988
38999
39
39005
39034
39062
39088
39096
39121
39131
39133
39142
39150
39154
39162
39163
39214
39253
39255
39267
39286
39293
39300
3933
39337
3934
39374
39410
39413
39414
39423
39424
39428
39432
39439
39445
3945
39456
39498
3950
39500
3955
3956
39564
3959
39596
39599
39604
39609
39647
39648
39655
39656
39657
39658
39661
39674
39681
39682
3969
39699
39714
39740
3977
39788
39790
39791
39792
39795
39831
39836
39837
39839
3985
39855
39857
39865
3987
39870
39878
39879
39886
3989
3990
39910
39936
3994
39969
3997
39990
4
40
400
40003
40011
40064
40081
401
4013
40225
40241
40263
4027
40273
4028
40283
40287
40292
40293
40294
40295
40296
40297
40298
40299
40300
40301
40302
40305
40306
40307
40308
40309
40310
40311
40312
40313
40314
40315
40316
40319
40320
40321
40322
40323
40324
40325
40326
40328
40329
40330
40331
40332
40334
40335
40336
40338
40348
40372
40373
40389
40410
40414
40418
40449
40467
40468
40469
40471
40472
40473
405
4051
40551
40555
40563
40580
40582
40584
40585
40586
40587
40588
40591
40598
40599
406
40612
40618
40619
40622
40623
40625
40626
40628
40629
4063
40630
40631
40632
40633
40634
40635
40637
40652
40657
40658
40661
40664
40677
40691
40692
40693
40694
40695
40696
40697
40698
40699
407
40700
40701
40703
40704
40705
40707
40708
40709
40710
40711
40714
40715
40716
40717
40718
40720
40721
40722
40723
40724
40725
40736
40738
40752
40753
40754
40755
40759
40760
40761
40762
40764
40786
40789
40790
408
40802
40818
4082
40824
40828
4084
40840
4085
40852
40853
40854
40857
40860
40863
4088
40886
40887
40888
40890
40891
40892
40894
40896
40897
409
40901
40903
4091
40914
40922
40926
40927
40928
40930
40931
40933
40934
40935
40936
40984
40985
40988
40989
40990
40991
40992
40993
40994
40995
40996
40998
41
410
41000
41005
41008
41009
41011
41014
41026
41027
41029
41030
41031
41032
41040
41046
41047
41048
41069
41085
41087
41088
41091
41092
41093
41097
41098
41099
41100
41101
41103
41104
41105
41106
41107
41108
41109
41110
41112
41114
41116
41136
41137
41138
41139
41140
41145
41146
41148
41149
41150
41152
41153
41154
41157
41167
41168
41169
41172
41174
41175
41176
41177
41178
41179
4118
41180
41181
41186
41252
41297
41301
41305
41310
41311
41312
41313
41314
41315
41316
41334
41348
41349
41350
41351
41352
41353
41354
41355
41356
41357
41358
41359
41369
41378
41410
41414
41418
41420
41421
41439
41444
41449
41451
41459
4146
41466
41482
4149
41496
41497
41499
41508
41513
41524
41525
41533
4156
41571
41586
41592
4160
41621
41626
41627
41654
41655
41657
4166
41668
41669
4167
41670
41671
41672
41673
41674
41675
41676
41677
41678
41679
4168
41680
41681
41682
41683
41684
41685
41686
41687
41688
4169
4170
41700
41701
41702
41703
41706
41727
41774
41775
41780
41781
41782
41787
41788
41789
41805
41807
41808
41809
41810
41818
41821
41830
41832
41838
41843
41845
41848
41849
41850
41851
41852
41853
41854
41855
41856
41857
41858
41859
41860
41861
41862
41871
41872
41873
41875
41876
41877
41878
41879
41891
41892
41893
41900
41928
41930
41931
41958
41964
41972
41973
41977
41978
41989
42011
42013
42014
4202
42025
42038
42049
42053
42055
4207
42082
42083
42101
42114
42133
42135
42164
42167
42168
42169
42176
4218
422
42202
42203
42205
42206
42208
42209
4221
42216
42219
42220
42240
42241
42246
42248
42269
423
4230
42301
42303
42309
4231
42319
42342
42355
42366
42367
42368
42397
424
42403
42407
42408
42434
42452
42465
42467
42474
42475
42479
42511
42516
42520
42539
42550
42562
426
42601
42606
42650
42670
42672
4268
42710
42715
42723
42726
42730
42740
42743
42746
42749
42756
42758
4276
42761
42766
4277
42770
42781
42784
42785
4279
42797
4280
42801
42804
42807
42833
4287
42888
4291
42940
42941
42947
42955
42961
42971
42991
43
43071
43072
43073
43082
43089
43091
43104
43110
43121
43125
4313
43143
43144
4317
4318
43190
43192
43193
43194
43195
43200
43236
43247
4325
4327
4328
43313
4333
43346
43356
43366
43376
43377
43387
43423
43424
43457
43479
43491
43505
43541
43567
43569
4357
43572
43575
43578
43579
43587
43588
43589
43590
43609
43611
43617
43621
43628
43629
43659
43673
43684
437
43752
4380
4381
43819
43821
43822
43832
43839
43841
43862
43882
43903
43908
43930
43940
43947
43948
43960
43966
43967
43993
44
44000
44022
44035
44049
4405
4406
4407
44072
44078
44086
44087
44088
44089
4409
441
44123
44139
44140
44148
44149
44157
44184
44185
44186
44196
442
44202
44203
44211
44234
44235
44244
44250
44258
4426
44278
44280
44285
44304
44314
44361
44375
44376
44396
44397
44398
444
44400
44402
44403
44404
44409
4441
44417
44419
4442
44420
4443
44434
4445
44458
44471
44496
44520
44521
44535
4454
44542
44563
44566
4457
44572
4458
44582
4459
4460
44602
44604
44622
44628
44644
44646
44647
44648
44667
44670
44676
44683
44684
4469
44702
44706
44710
44712
4472
44727
44730
44738
44740
44743
44753
44765
44812
44821
44826
44827
44834
4485
4487
4488
44885
44889
4489
44891
44902
44903
44912
44913
44916
44917
44918
44919
4492
44920
44921
44922
44923
44924
44925
44926
44927
44928
44929
44930
44932
44933
44934
44935
44948
44949
44950
44954
44955
44957
44958
44969
44970
44971
44975
44976
44977
44978
44979
44980
44981
44982
44986
44989
44990
44994
44997
45
45003
45004
45007
45008
45009
45010
45011
45012
45013
45019
45020
45021
45023
45024
45025
45028
45032
45033
45034
45035
45036
45037
45038
45041
45042
45048
45049
45054
45062
45071
45072
45088
45099
45100
45103
45153
45164
45167
45178
4518
45184
45217
45219
45248
45249
45253
45264
45272
45275
45276
45277
45279
45282
45290
45293
45309
45310
45311
45312
45317
45320
45321
45345
45361
45384
45386
45394
45399
454
45400
45401
45405
45407
45408
45409
45410
45413
45430
45431
45433
45434
45435
45436
45437
45438
45439
45441
45442
45443
45444
45445
45447
45448
45449
45450
45451
45452
45453
45454
45455
45456
45459
45463
45464
45483
45485
45486
455
45501
4551
45531
45534
45539
45540
45542
45553
45563
45584
45587
45609
45611
45623
45629
45640
45647
45669
45675
45722
45735
45758
45794
458
45839
45851
45864
45876
459
45917
45923
45936
45953
45957
4596
45972
45973
45976
45980
45981
45987
46
460
46008
46009
46010
46011
4602
46036
46038
46046
46048
46050
46052
46053
46059
4606
46061
46063
46066
46072
46073
46076
46081
46091
46092
46097
461
46111
46120
46135
46152
46182
462
46210
46216
46218
46221
46231
46232
46244
46251
46252
46257
46266
46268
46289
46290
46295
463
4631
46318
46321
46322
46323
46324
46337
46338
46340
46343
46352
46371
4638
464
46401
46424
46425
46428
46449
46464
46465
4648
46485
46491
465
46526
46536
46545
46563
466
46627
46630
46636
46659
4666
4667
4668
46680
46682
46689
467
46703
46715
46716
46722
46799
468
46816
46823
46857
46862
46872
46883
469
46910
46974
47
470
47006
47023
47024
4704
47052
47054
47058
47073
47075
47076
47078
47093
471
47109
47114
47115
4713
47137
47177
47188
47191
47220
47224
47228
47229
47232
47233
47236
47249
47252
47253
47255
47262
47271
47273
47282
473
47309
47325
47331
47339
47346
47363
47371
47394
474
4740
47404
47416
47419
47421
47423
47427
47428
47429
47456
47469
47473
47487
47499
47500
47510
47534
4755
47551
47555
47589
47601
47605
47610
47637
47638
47669
47674
47675
477
4772
47725
47727
47752
47776
478
47808
47809
47818
47858
47859
47881
47882
47895
479
47905
4794
47948
47950
47951
47968
47970
47975
47987
4799
47995
48
480
48028
48030
48068
48069
48070
48071
48072
48073
48074
48075
48076
48077
48078
48079
48080
48083
48091
48093
481
48106
48121
48133
48135
48139
48140
48142
48143
48146
48147
48148
48150
48151
48152
48167
48178
48180
48209
48210
48211
48214
48218
48230
48231
48233
48234
48235
48238
48239
4824
48240
48241
48242
48243
48244
48251
48254
48261
48271
48272
48273
48275
48276
48277
48278
48279
48280
48284
48285
48290
48291
48293
48294
48295
48296
48298
483
48307
48321
48328
48329
48331
48333
48334
48343
48344
48345
48347
48348
4835
48352
48355
48356
48357
48358
48359
48361
48362
48363
48365
48366
48367
48368
48369
48370
48378
48393
484
48401
48402
48409
48413
48414
48415
48419
48422
48423
48424
48429
48430
48434
48435
48436
48437
48438
48442
48443
48444
48445
4847
48479
48496
485
4850
48505
48525
48526
48530
48531
48532
4855
48551
48557
4856
4857
4859
48596
486
48615
48641
48652
48657
48679
487
4870
48763
488
48856
48858
48862
48870
48873
48887
48898
489
48921
48922
48923
48924
48925
48926
48929
48951
48977
48980
49
49007
49011
49014
49016
49021
49025
49038
49039
49042
49050
491
49116
49128
49137
49143
49145
49185
49189
49190
49268
49285
49289
49305
4931
49333
49344
49358
49362
49365
49370
49372
49373
49385
49388
49423
49438
49489
495
49503
4952
49522
49545
49566
49569
49571
49589
49595
4960
49600
49624
49664
49666
4967
49671
4968
49681
497
49701
49702
49703
49708
49709
4972
49726
49737
49756
49757
49761
49780
49798
49799
49801
49806
49815
4984
49844
49847
49850
49852
49853
49856
49857
49859
499
49921
49923
49927
49928
49929
49930
49931
49932
49933
49934
49935
49936
49937
49938
49939
49940
49941
49943
49944
49945
49946
49947
49948
49949
49950
49951
49952
49954
49957
49958
49963
49966
49970
49973
49977
49982
49990
49999
5
50
5003
50032
50051
50080
50088
50115
50118
50130
50150
50151
50181
50191
50192
502
5020
50255
50261
50262
50275
50277
50278
50307
50309
5033
50342
50353
50372
50380
50382
50384
50385
50395
50420
5047
50474
50554
50555
50557
5056
50567
50585
50589
50598
50611
50636
50637
50639
50640
50641
50642
50644
50646
50647
50648
50649
50650
50651
50652
50653
50654
50655
50656
50657
50658
50659
50660
50661
50662
50663
50664
50669
5068
5069
507
5075
5077
50779
50801
50826
50834
50835
50847
50852
50853
50854
50869
50888
50901
50909
50928
50954
50981
50982
5099
51
51029
51032
5107
5108
51082
51100
51120
5118
51183
51187
51188
51236
51239
51255
51257
51277
51286
513
51302
51312
51343
5135
5136
51367
5137
5138
51385
51405
51459
51468
51489
5149
5150
5152
5153
51530
51570
5158
5161
51614
5165
51652
51676
51704
5171
51713
51763
5180
51809
51811
5182
51843
51847
5185
51927
51972
51975
52
52005
52014
52020
52033
52053
52061
52064
52068
52072
52074
52130
52136
52151
52154
52175
52182
52185
52196
52203
52216
52273
52276
52280
52307
52311
52330
52352
5237
52384
52387
52393
52394
52395
52396
52397
52398
52399
524
52400
52403
52404
52406
52408
52409
5241
52419
52424
52425
5243
52430
52433
52448
52450
52452
52459
52462
52468
52477
52481
52492
52498
52500
52504
52505
52506
52508
52509
52510
52511
52513
52524
52526
52528
52536
5256
5257
52590
52591
526
52602
52605
52624
52625
52626
52635
52640
52646
52663
52673
527
52704
52711
52729
52777
52789
52790
52791
52792
52793
52794
52795
52796
528
52821
52846
52879
529
52907
52909
52911
52914
52916
52918
52923
52927
52938
52944
52945
52962
52964
53
53001
5301
53010
53017
53018
53031
53042
53046
53059
53080
53106
53107
53134
53139
53177
53180
53189
53224
53238
53257
53258
53260
53262
53264
53265
53272
53276
53290
53293
53316
53317
53318
53321
53328
53329
53330
53335
53347
53350
53354
53381
53411
53448
53457
53463
53528
53533
53559
53582
53586
53607
53609
53610
53611
53620
53624
53644
53703
53704
53706
53783
53784
53790
53800
53805
53806
53822
53827
53851
53866
53876
53883
53888
53911
53931
53947
53961
53971
53989
53990
54
54011
54013
54016
54037
54040
54046
54080
54092
54135
54137
54146
54151
54155
54161
54171
54181
54186
54187
54192
54194
54195
54196
54208
54209
54210
54217
54221
54222
54224
54239
54253
54262
54273
54274
54284
54285
54296
54308
54309
54310
54314
54317
54319
54321
54331
54334
54336
54338
54344
54347
54351
54355
54356
54363
54373
54374
54377
54378
54379
54380
54381
54389
54390
54392
54399
5440
54401
54403
5442
54420
54421
54424
54435
54444
54446
54451
54453
54458
5446
54463
54465
54475
54480
54485
54487
54549
54553
54562
54564
54565
54566
54570
54572
54574
54578
54583
54584
54585
54586
54587
54589
54591
54592
54593
54600
54606
54617
54618
54625
54632
54635
54637
54638
54647
54669
54670
54671
54673
54709
54721
54740
54744
54745
54746
54752
5480
5481
54829
54835
5484
5485
54881
54937
54958
54969
54970
54973
54976
55
55008
55010
5512
55142
55189
55199
55201
55212
55215
55220
55244
55306
55309
55313
55335
55351
55356
55363
55364
55369
55374
55376
55379
55401
55412
55438
55492
55501
55598
55618
55622
55680
55703
55705
55708
55719
55723
55730
5576
5577
55771
55772
55778
5579
55793
55813
55814
55816
55817
55818
5583
55831
55836
55839
55840
55841
55843
55844
55869
55870
55873
5589
55920
55936
55937
55953
55954
55957
55958
55960
55980
5599
56
5600
56000
56024
56036
56041
56042
56074
56107
5612
56144
56163
5618
56237
56302
5636
56386
56409
56456
56486
56531
56534
56544
56555
56556
56562
56566
56573
5658
5659
56598
5660
56601
56602
56607
56608
5661
56639
5666
56669
56724
56732
56744
56856
56859
56878
56887
56891
5690
56902
56916
56974
56975
57
57034
57052
57059
57071
57078
57160
57161
57245
57290
57299
57374
57404
57410
57411
57437
57450
57465
57541
57559
57583
57670
57683
57698
57717
5774
57763
57796
57815
57817
57822
5783
57834
57839
57877
57885
57972
57992
57998
58
58073
58153
58183
58184
58186
58188
58193
58195
58196
58199
58200
58201
58213
58214
5822
58267
58272
58276
58280
58297
5833
58383
58390
58398
58408
58428
5846
5849
58494
58500
58501
58502
5851
58517
58557
58558
58579
58588
58607
58608
58613
58622
58626
58642
58696
58733
58744
58773
5879
5882
58829
58852
58853
58862
5889
58894
58917
58921
58927
58939
58953
58959
58972
58975
58976
58983
58996
58998
59
59013
59019
59023
59031
59049
59057
59072
59084
59091
59131
59140
59204
5921
59244
5927
59314
59322
5933
59357
59358
59366
59404
59420
59442
59452
5948
5949
5963
59672
59674
59732
59735
59747
59759
59760
59767
59772
59795
59839
59858
59878
59882
5995
59970
5998
6
60
60003
6003
6004
6005
6006
60069
6007
6008
60095
60181
60270
60271
6028
6029
6030
60355
60430
60469
6047
60556
6059
6069
6073
60747
60752
60753
60856
6087
6089
6092
61
61043
61065
6118
6119
6120
6121
6124
6135
6137
6140
6141
6142
6143
6149
61503
61505
6153
6154
6162
6163
6177
6178
6180
6188
6195
62
62009
6202
6204
6209
62292
62319
62346
6266
6267
62740
6287
6289
6290
6297
6298
6301
6315
6316
6317
6323
6327
63330
6338
6339
6340
6341
63418
6342
6386
6389
6390
6392
63998
64
6411
6426
64342
64350
64432
6456
6459
6462
64842
64877
64970
65
6501
6514
6520
6521
6522
6526
6529
65424
656
6560
6562
6564
65684
6570
65711
65758
6581
6591
6596
6598
6599
66
6600
6601
6602
6603
6604
6605
6606
6607
6609
6620
6628
6640
6646
6647
66505
6660
6661
6667
6680
6681
6685
6691
6693
6694
67
670
6712
6718
672
6724
6727
67325
6736
6742
6757
6761
67692
6773
6774
6778
6779
6780
6781
6786
6787
68
6806
6807
6808
6809
6822
6823
6844
6846
6847
6868
6869
6894
6897
69
6902
6909
6911
6913
6914
6928
6942
6949
6967
6968
6974
6992
6993
7
70
702
7031
7039
7049
7054
7055
7068
7069
7092
71
7113
7138
7143
7144
7163
718
7182
7197
7198
7199
72
7203
7214
7215
7216
7221
7243
7286
7287
7289
7292
73
7389
74
7407
7417
7426
7454
7474
7479
7480
7495
75
7508
7516
7518
7533
7552
7555
7559
7564
7567
7580
7588
7598
76
7608
7618
764
7653
7654
7671
7676
7682
7687
7688
77
7719
7720
7721
7722
7723
7724
7725
7726
7727
7820
7831
7847
7882
79
7918
7920
7921
7922
7923
7929
7930
7960
8
8056
8061
8063
8074
8082
8088
81
8132
8133
8156
8177
8179
8180
82
8206
8207
8208
8233
8247
8255
8258
8299
83
8317
8319
8361
838
84
8411
842
8427
8432
8439
8440
8455
8462
8463
8464
8468
8484
8485
8489
8491
85
8535
8540
8544
8554
8558
857
8575
8576
86
8638
8643
8644
8646
8647
8648
8670
87
8724
8732
8736
8749
8772
8773
8774
8779
8786
8787
8788
8789
879
8792
8793
8796
8797
8798
88
880
8824
8828
883
8834
8835
8842
8846
8849
8852
8854
8864
8865
8879
8880
8882
889
8893
89
890
8901
8913
8918
8923
8939
8968
8981
8989
8992
9
90
9005
9017
9037
9051
9077
9090
9093
91
9114
9135
9136
9143
917
9179
918
9184
92
9210
9211
9214
9244
9246
9279
9296
93
9313
9323
9327
9356
9357
9358
9360
9403
9429
9434
9436
9444
9454
9456
9457
9473
9475
9486
9502
9504
9514
9515
9528
9532
9534
9536
9537
9538
9539
9540
9547
9557
9568
9569
9585
9586
9587
9625
9626
9627
9679
9684
9694
9707
9709
9710
9768
9805
9855
9861
9862
9874
9901
9925
9950
9954
9956
9967
9968
